  a= [1/sqrt(3) 0 0; 0 1/sqrt(6) 0; 0 0 1/sqrt(2)]
b= [1 1 1; 1 1 -2; 1 -1 0]
c= a*b
d= inv(c)


c= 0.57735   0.57735   0.57735        log(l)
  0.40825   0.40825  -0.81650         log(a)
  0.70711  -0.70711   0.00000         log(b)


# # # # #
# # # # #
# # # # #
# # # # #
# # # # #


# # # # 
# # # # 
# # # # 
# # # # 


d= 0.57735   0.40825   0.70711
  0.57735   4.0825  -7.0711
  0.57735  -0.81650   0
 

----------

RGB_to_LMS
r=[0.3811 0.5783 0.0402;
 0.1967 0.7244 0.0782;
 0.0241 0.1288 0.8444;]

LMS to RGB:
 4.468670  -3.588676   0.119604
-1.219717   2.383088  -0.162630
 0.058508  -0.261078   1.205666
